A d 0 2 213 282
2 d 233 2 215 282
3 d 467 2 215 282
4 d 702 2 215 282
5 d 936 2 215 282
6 d 1171 2 215 282
7 d 1406 2 214 282
8 d 1640 2 215 282
9 d 1875 2 214 282
T d 2109 2 215 282
J d 2344 2 214 282
Q d 2578 2 215 282
K d 2813 2 215 282
A h 0 303 215 283
2 h 235 303 215 283
3 h 470 303 215 283
4 h 706 303 214 283
5 h 941 303 215 283
6 h 1176 303 215 283
7 h 1411 303 215 283
8 h 1647 303 214 283
9 h 1882 303 215 283
T h 2117 303 215 283
J h 2352 303 215 283
Q h 2588 303 214 283
K h 2823 303 215 283
A s 0 607 214 284
2 s 235 607 215 284
3 s 470 607 215 284
4 s 705 607 215 284
5 s 941 607 215 284
6 s 1176 607 215 284
7 s 1411 607 215 284
8 s 1646 607 215 284
9 s 1882 607 214 284
T s 2117 607 215 284
J s 2352 607 215 284
Q s 2588 607 214 284
K s 2823 607 215 284
A c 0 910 213 283
2 c 234 910 215 283
3 c 469 910 215 283
4 c 705 910 214 283
5 c 940 910 215 283
6 c 1175 910 215 283
7 c 1411 910 215 283
8 c 1646 910 215 283
9 c 1882 910 215 283
T c 2117 910 215 283
J c 2353 910 214 283
Q c 2588 910 215 283
K c 2824 910 214 283
F d 0 1202 208 280
